(kicad_pcb (version 20171130) (host pcbnew "(5.1.7)-1")

  (general
    (thickness 1.6)
    (drawings 10)
    (tracks 395)
    (zones 0)
    (modules 181)
    (nets 300)
  )

  (page A4)
  (layers
    (0 F.Cu signal)
    (1 In1.Cu power)
    (2 In2.Cu mixed)
    (31 B.Cu signal)
    (32 B.Adhes user hide)
    (33 F.Adhes user hide)
    (34 B.Paste user hide)
    (35 F.Paste user)
    (36 B.SilkS user hide)
    (37 F.SilkS user)
    (38 B.Mask user hide)
    (39 F.Mask user)
    (40 Dwgs.User user hide)
    (41 Cmts.User user hide)
    (42 Eco1.User user hide)
    (43 Eco2.User user hide)
    (44 Edge.Cuts user)
    (45 Margin user hide)
    (46 B.CrtYd user hide)
    (47 F.CrtYd user)
    (48 B.Fab user hide)
    (49 F.Fab user)
  )

  (setup
    (last_trace_width 0.25)
    (user_trace_width 0.127)
    (trace_clearance 0.2)
    (zone_clearance 0.254)
    (zone_45_only no)
    (trace_min 0.127)
    (via_size 0.8)
    (via_drill 0.4)
    (via_min_size 0.254)
    (via_min_drill 0.254)
    (user_via 0.4572 0.254)
    (uvia_size 0.3)
    (uvia_drill 0.1)
    (uvias_allowed no)
    (uvia_min_size 0.2)
    (uvia_min_drill 0.1)
    (edge_width 0.05)
    (segment_width 0.127)
    (pcb_text_width 0.3)
    (pcb_text_size 1.5 1.5)
    (mod_edge_width 0.12)
    (mod_text_size 1 1)
    (mod_text_width 0.15)
    (pad_size 1.524 1.524)
    (pad_drill 0.762)
    (pad_to_mask_clearance 0.05)
    (aux_axis_origin 0 0)
    (visible_elements 7EFDF7FF)
    (pcbplotparams
      (layerselection 0x010fc_ffffffff)
      (usegerberextensions false)
      (usegerberattributes true)
      (usegerberadvancedattributes true)
      (creategerberjobfile true)
      (excludeedgelayer true)
      (linewidth 0.100000)
      (plotframeref false)
      (viasonmask false)
      (mode 1)
      (useauxorigin false)
      (hpglpennumber 1)
      (hpglpenspeed 20)
      (hpglpendiameter 15.000000)
      (psnegative false)
      (psa4output false)
      (plotreference true)
      (plotvalue true)
      (plotinvisibletext false)
      (padsonsilk false)
      (subtractmaskfromsilk false)
      (outputformat 1)
      (mirror false)
      (drillshape 1)
      (scaleselection 1)
      (outputdirectory ""))
  )

  (net 0 "")
  (net 1 GND)
  (net 2 "Net-(C4-Pad2)")
  (net 3 "Net-(C5-Pad1)")
  (net 4 "Net-(C7-Pad1)")
  (net 5 "Net-(C8-Pad2)")
  (net 6 +5V)
  (net 7 "Net-(C11-Pad2)")
  (net 8 "Net-(C11-Pad1)")
  (net 9 "Net-(C12-Pad1)")
  (net 10 "Net-(C14-Pad2)")
  (net 11 "Net-(C14-Pad1)")
  (net 12 "Net-(F1-Pad2)")
  (net 13 "/Connectors, IO/CW_TARG4")
  (net 14 "/Connectors, IO/CW_TARG3")
  (net 15 "/Connectors, IO/CW_TARG2")
  (net 16 "/Connectors, IO/CW_TARG1")
  (net 17 "/Connectors, IO/CW_HS2")
  (net 18 "/Connectors, IO/CW_HS1")
  (net 19 "/Connectors, IO/CW_PDID")
  (net 20 "/Connectors, IO/CW_PDIC")
  (net 21 "/Connectors, IO/CW_SCK")
  (net 22 "/Connectors, IO/CW_MOSI")
  (net 23 "/Connectors, IO/CW_MISO")
  (net 24 +1V0)
  (net 25 "Net-(JP2-Pad2)")
  (net 26 JA1)
  (net 27 "Net-(J2-Pad1)")
  (net 28 JA3)
  (net 29 "Net-(J2-Pad3)")
  (net 30 JA2)
  (net 31 "Net-(J2-Pad2)")
  (net 32 JA4)
  (net 33 "Net-(J2-Pad4)")
  (net 34 "Net-(J2-Pad8)")
  (net 35 JA8)
  (net 36 "Net-(J2-Pad10)")
  (net 37 JA10)
  (net 38 "Net-(J2-Pad7)")
  (net 39 JA7)
  (net 40 "Net-(J2-Pad9)")
  (net 41 JA9)
  (net 42 "Net-(R25-Pad1)")
  (net 43 "Net-(R26-Pad1)")
  (net 44 "Net-(R27-Pad2)")
  (net 45 "Net-(R27-Pad1)")
  (net 46 "Net-(R28-Pad2)")
  (net 47 "Net-(R28-Pad1)")
  (net 48 "Net-(R31-Pad2)")
  (net 49 "Net-(R32-Pad2)")
  (net 50 "Net-(R33-Pad2)")
  (net 51 "Net-(J7-Pad10)")
  (net 52 "Net-(J7-Pad8)")
  (net 53 "Net-(J7-Pad4)")
  (net 54 "Net-(J7-Pad6)")
  (net 55 "Net-(C18-Pad2)")
  (net 56 "Net-(C19-Pad2)")
  (net 57 "Net-(C20-Pad2)")
  (net 58 "Net-(D1-Pad2)")
  (net 59 "Net-(Q2-Pad6)")
  (net 60 "Net-(Q2-Pad2)")
  (net 61 "Net-(Q2-Pad5)")
  (net 62 PGOOD)
  (net 63 "Net-(Q3-Pad3)")
  (net 64 "Net-(R34-Pad1)")
  (net 65 "Net-(R37-Pad1)")
  (net 66 "Net-(R41-Pad1)")
  (net 67 "Net-(R42-Pad2)")
  (net 68 ON_OFF)
  (net 69 "Net-(S1-Pad1)")
  (net 70 "Net-(S1-Pad2)")
  (net 71 "Net-(S1-Pad3)")
  (net 72 "Net-(J7-Pad14)")
  (net 73 "Net-(J7-Pad12)")
  (net 74 VCORE_CURRENT_GAIN_1)
  (net 75 VCORE_CURRENT_GAIN_0)
  (net 76 VCORE_CURRENT)
  (net 77 "Net-(J8-Pad1)")
  (net 78 "Net-(U9-Pad14)")
  (net 79 "Net-(U9-Pad13)")
  (net 80 "Net-(U9-Pad12)")
  (net 81 "Net-(U9-Pad11)")
  (net 82 "Net-(U9-Pad6)")
  (net 83 "Net-(U9-Pad5)")
  (net 84 "Net-(U9-Pad4)")
  (net 85 "Net-(U9-Pad3)")
  (net 86 "/Connectors, IO/CW_RST")
  (net 87 "Net-(U1-PadV17)")
  (net 88 "Net-(U1-PadV16)")
  (net 89 "Net-(U1-PadV14)")
  (net 90 "Net-(U1-PadV13)")
  (net 91 "Net-(U1-PadV12)")
  (net 92 "Net-(U1-PadV11)")
  (net 93 "Net-(U1-PadV9)")
  (net 94 "Net-(U1-PadV8)")
  (net 95 "Net-(U1-PadV7)")
  (net 96 "Net-(U1-PadV6)")
  (net 97 "Net-(U1-PadV4)")
  (net 98 "Net-(U1-PadV3)")
  (net 99 "Net-(U1-PadV2)")
  (net 100 "Net-(U1-PadU17)")
  (net 101 "Net-(U1-PadU16)")
  (net 102 "Net-(U1-PadU15)")
  (net 103 "Net-(U1-PadU14)")
  (net 104 "Net-(U1-PadU12)")
  (net 105 "Net-(U1-PadU11)")
  (net 106 "Net-(U1-PadU10)")
  (net 107 "Net-(U1-PadU9)")
  (net 108 "Net-(U1-PadU7)")
  (net 109 "Net-(U1-PadU6)")
  (net 110 "Net-(U1-PadU5)")
  (net 111 "Net-(U1-PadU4)")
  (net 112 "Net-(U1-PadU2)")
  (net 113 "Net-(U1-PadU1)")
  (net 114 "Net-(U1-PadT18)")
  (net 115 "Net-(U1-PadT17)")
  (net 116 "Net-(U1-PadT15)")
  (net 117 "Net-(U1-PadT14)")
  (net 118 "Net-(U1-PadT13)")
  (net 119 "Net-(U1-PadT12)")
  (net 120 "Net-(U1-PadT7)")
  (net 121 "Net-(U1-PadT5)")
  (net 122 "Net-(U1-PadT4)")
  (net 123 "Net-(U1-PadT3)")
  (net 124 "Net-(U1-PadT2)")
  (net 125 "Net-(U1-PadR18)")
  (net 126 "Net-(U1-PadR17)")
  (net 127 "Net-(U1-PadR16)")
  (net 128 "Net-(U1-PadR15)")
  (net 129 "Net-(U1-PadR13)")
  (net 130 "Net-(U1-PadR7)")
  (net 131 "Net-(U1-PadR6)")
  (net 132 "Net-(U1-PadR5)")
  (net 133 "Net-(U1-PadR3)")
  (net 134 "Net-(U1-PadR2)")
  (net 135 "Net-(U1-PadR1)")
  (net 136 "Net-(U1-PadP18)")
  (net 137 "Net-(U1-PadP16)")
  (net 138 "Net-(U1-PadP15)")
  (net 139 "Net-(U1-PadP14)")
  (net 140 "Net-(U1-PadP6)")
  (net 141 "Net-(U1-PadP5)")
  (net 142 "Net-(U1-PadP4)")
  (net 143 "Net-(U1-PadP3)")
  (net 144 "Net-(U1-PadP1)")
  (net 145 "Net-(U1-PadN18)")
  (net 146 "Net-(U1-PadN17)")
  (net 147 "Net-(U1-PadN16)")
  (net 148 "Net-(U1-PadN14)")
  (net 149 "Net-(U1-PadN6)")
  (net 150 "Net-(U1-PadN4)")
  (net 151 "Net-(U1-PadN3)")
  (net 152 "Net-(U1-PadN2)")
  (net 153 "Net-(U1-PadN1)")
  (net 154 "Net-(U1-PadM15)")
  (net 155 "Net-(U1-PadM14)")
  (net 156 "Net-(U1-PadM6)")
  (net 157 "Net-(U1-PadM5)")
  (net 158 "Net-(U1-PadM4)")
  (net 159 "Net-(U1-PadM2)")
  (net 160 "Net-(U1-PadM1)")
  (net 161 "Net-(U1-PadL14)")
  (net 162 "Net-(U1-PadL5)")
  (net 163 "Net-(U1-PadL4)")
  (net 164 "Net-(U1-PadL3)")
  (net 165 "Net-(U1-PadL2)")
  (net 166 "Net-(U1-PadK18)")
  (net 167 "Net-(U1-PadK6)")
  (net 168 "Net-(U1-PadK5)")
  (net 169 "Net-(U1-PadK3)")
  (net 170 "Net-(U1-PadK2)")
  (net 171 "Net-(U1-PadK1)")
  (net 172 "Net-(U1-PadJ18)")
  (net 173 "Net-(U1-PadJ6)")
  (net 174 "Net-(U1-PadJ5)")
  (net 175 "Net-(U1-PadJ4)")
  (net 176 "Net-(U1-PadH18)")
  (net 177 "Net-(U1-PadH17)")
  (net 178 "Net-(U1-PadH16)")
  (net 179 "Net-(U1-PadH14)")
  (net 180 "Net-(U1-PadH2)")
  (net 181 "Net-(U1-PadH1)")
  (net 182 "Net-(U1-PadG17)")
  (net 183 "Net-(U1-PadG16)")
  (net 184 "Net-(U1-PadG15)")
  (net 185 "Net-(U1-PadG14)")
  (net 186 "Net-(U1-PadF18)")
  (net 187 "Net-(U1-PadF17)")
  (net 188 "Net-(U1-PadF15)")
  (net 189 "Net-(U1-PadF14)")
  (net 190 "Net-(U1-PadF2)")
  (net 191 "Net-(U1-PadF1)")
  (net 192 "Net-(U1-PadE18)")
  (net 193 "Net-(U1-PadE17)")
  (net 194 "Net-(U1-PadE16)")
  (net 195 "Net-(U1-PadE15)")
  (net 196 "Net-(U1-PadE13)")
  (net 197 "Net-(U1-PadE4)")
  (net 198 "Net-(U1-PadE3)")
  (net 199 "Net-(U1-PadD18)")
  (net 200 "Net-(U1-PadD16)")
  (net 201 "Net-(U1-PadD15)")
  (net 202 "Net-(U1-PadD14)")
  (net 203 "Net-(U1-PadD13)")
  (net 204 "Net-(U1-PadD11)")
  (net 205 "Net-(U1-PadD10)")
  (net 206 "Net-(U1-PadD9)")
  (net 207 "Net-(U1-PadD8)")
  (net 208 "Net-(U1-PadD6)")
  (net 209 "Net-(U1-PadD5)")
  (net 210 "Net-(U1-PadC18)")
  (net 211 "Net-(U1-PadC17)")
  (net 212 "Net-(U1-PadC16)")
  (net 213 "Net-(U1-PadC14)")
  (net 214 "Net-(U1-PadC13)")
  (net 215 "Net-(U1-PadC12)")
  (net 216 "Net-(U1-PadC11)")
  (net 217 "Net-(U1-PadC9)")
  (net 218 "Net-(U1-PadC8)")
  (net 219 "Net-(U1-PadB17)")
  (net 220 "Net-(U1-PadB16)")
  (net 221 "Net-(U1-PadB15)")
  (net 222 "Net-(U1-PadB14)")
  (net 223 "Net-(U1-PadB12)")
  (net 224 "Net-(U1-PadB11)")
  (net 225 "Net-(U1-PadB10)")
  (net 226 "Net-(U1-PadB9)")
  (net 227 "Net-(U1-PadB6)")
  (net 228 "Net-(U1-PadB5)")
  (net 229 "Net-(U1-PadA17)")
  (net 230 "Net-(U1-PadA15)")
  (net 231 "Net-(U1-PadA14)")
  (net 232 "Net-(U1-PadA13)")
  (net 233 "Net-(U1-PadA12)")
  (net 234 "Net-(U1-PadA10)")
  (net 235 "Net-(U1-PadA9)")
  (net 236 "Net-(U1-PadA6)")
  (net 237 "Net-(U1-PadA4)")
  (net 238 "Net-(U1-PadA3)")
  (net 239 FC_3V3)
  (net 240 FC_5V)
  (net 241 FC_RST)
  (net 242 FC_IO)
  (net 243 FD_TF)
  (net 244 "(Ready)FC2D_HS")
  (net 245 "(Valid)FD2C_HS")
  (net 246 "(Aux)FC_PROG")
  (net 247 FD2C_CLK)
  (net 248 FC2D_CLK)
  (net 249 FC_DIO0)
  (net 250 FC_DIO1)
  (net 251 FC_DIO2)
  (net 252 FC_DIO3)
  (net 253 SW_DONE)
  (net 254 SW_DIN)
  (net 255 SW_INIT_B)
  (net 256 SW_CLK)
  (net 257 SW_PROGRAM_B)
  (net 258 "Net-(L4-Pad1)")
  (net 259 "Net-(L3-Pad1)")
  (net 260 "Net-(L5-Pad1)")
  (net 261 FC2D_HS)
  (net 262 FD2C_HS)
  (net 263 FC_PROG)
  (net 264 FC_DIO1_MUX)
  (net 265 FC_DIO2_MUX)
  (net 266 FC_DIO3_MUX)
  (net 267 FC_DIO0_MUX)
  (net 268 "Net-(R29-Pad2)")
  (net 269 "Net-(R52-Pad1)")
  (net 270 "Net-(R56-Pad2)")
  (net 271 "Net-(S2-Pad3)")
  (net 272 "Net-(S2-Pad1)")
  (net 273 "Net-(D2-Pad2)")
  (net 274 "Net-(D3-Pad2)")
  (net 275 "Net-(D4-Pad2)")
  (net 276 "Net-(Q4-Pad1)")
  (net 277 "Net-(Q4-Pad3)")
  (net 278 "Net-(Q5-Pad1)")
  (net 279 "Net-(Q5-Pad3)")
  (net 280 "Net-(Q6-Pad1)")
  (net 281 "Net-(Q6-Pad3)")
  (net 282 "Net-(R63-Pad2)")
  (net 283 "Net-(R64-Pad2)")
  (net 284 "Net-(R65-Pad2)")
  (net 285 "Net-(R66-Pad2)")
  (net 286 "Net-(S4-Pad4)")
  (net 287 "Net-(S4-Pad2)")
  (net 288 "Net-(S5-Pad4)")
  (net 289 "Net-(S5-Pad2)")
  (net 290 +3V3)
  (net 291 +1V8)
  (net 292 VCCINT)
  (net 293 "Net-(D5-Pad2)")
  (net 294 "Net-(Q7-Pad3)")
  (net 295 "Net-(Q7-Pad1)")
  (net 296 "Net-(R62-Pad2)")
  (net 297 "Net-(U7-Pad8)")
  (net 298 "Net-(SW2-Pad6)")
  (net 299 "Net-(SW2-Pad5)")

  (net_class Default "This is the default net class."
    (clearance 0.2)
    (trace_width 0.25)
    (via_dia 0.8)
    (via_drill 0.4)
    (uvia_dia 0.3)
    (uvia_drill 0.1)
    (add_net "(Aux)FC_PROG")
    (add_net "(Ready)FC2D_HS")
    (add_net "(Valid)FD2C_HS")
    (add_net +1V0)
    (add_net +1V8)
    (add_net +3V3)
    (add_net +5V)
    (add_net "/Connectors, IO/CW_HS1")
    (add_net "/Connectors, IO/CW_HS2")
    (add_net "/Connectors, IO/CW_MISO")
    (add_net "/Connectors, IO/CW_MOSI")
    (add_net "/Connectors, IO/CW_PDIC")
    (add_net "/Connectors, IO/CW_PDID")
    (add_net "/Connectors, IO/CW_RST")
    (add_net "/Connectors, IO/CW_SCK")
    (add_net "/Connectors, IO/CW_TARG1")
    (add_net "/Connectors, IO/CW_TARG2")
    (add_net "/Connectors, IO/CW_TARG3")
    (add_net "/Connectors, IO/CW_TARG4")
    (add_net FC2D_CLK)
    (add_net FC2D_HS)
    (add_net FC_3V3)
    (add_net FC_5V)
    (add_net FC_DIO0)
    (add_net FC_DIO0_MUX)
    (add_net FC_DIO1)
    (add_net FC_DIO1_MUX)
    (add_net FC_DIO2)
    (add_net FC_DIO2_MUX)
    (add_net FC_DIO3)
    (add_net FC_DIO3_MUX)
    (add_net FC_IO)
    (add_net FC_PROG)
    (add_net FC_RST)
    (add_net FD2C_CLK)
    (add_net FD2C_HS)
    (add_net FD_TF)
    (add_net GND)
    (add_net JA1)
    (add_net JA10)
    (add_net JA2)
    (add_net JA3)
    (add_net JA4)
    (add_net JA7)
    (add_net JA8)
    (add_net JA9)
    (add_net "Net-(C11-Pad1)")
    (add_net "Net-(C11-Pad2)")
    (add_net "Net-(C12-Pad1)")
    (add_net "Net-(C14-Pad1)")
    (add_net "Net-(C14-Pad2)")
    (add_net "Net-(C18-Pad2)")
    (add_net "Net-(C19-Pad2)")
    (add_net "Net-(C20-Pad2)")
    (add_net "Net-(C4-Pad2)")
    (add_net "Net-(C5-Pad1)")
    (add_net "Net-(C7-Pad1)")
    (add_net "Net-(C8-Pad2)")
    (add_net "Net-(D1-Pad2)")
    (add_net "Net-(D2-Pad2)")
    (add_net "Net-(D3-Pad2)")
    (add_net "Net-(D4-Pad2)")
    (add_net "Net-(D5-Pad2)")
    (add_net "Net-(F1-Pad2)")
    (add_net "Net-(J2-Pad1)")
    (add_net "Net-(J2-Pad10)")
    (add_net "Net-(J2-Pad2)")
    (add_net "Net-(J2-Pad3)")
    (add_net "Net-(J2-Pad4)")
    (add_net "Net-(J2-Pad7)")
    (add_net "Net-(J2-Pad8)")
    (add_net "Net-(J2-Pad9)")
    (add_net "Net-(J7-Pad10)")
    (add_net "Net-(J7-Pad12)")
    (add_net "Net-(J7-Pad14)")
    (add_net "Net-(J7-Pad4)")
    (add_net "Net-(J7-Pad6)")
    (add_net "Net-(J7-Pad8)")
    (add_net "Net-(J8-Pad1)")
    (add_net "Net-(JP2-Pad2)")
    (add_net "Net-(L3-Pad1)")
    (add_net "Net-(L4-Pad1)")
    (add_net "Net-(L5-Pad1)")
    (add_net "Net-(Q2-Pad2)")
    (add_net "Net-(Q2-Pad5)")
    (add_net "Net-(Q2-Pad6)")
    (add_net "Net-(Q3-Pad3)")
    (add_net "Net-(Q4-Pad1)")
    (add_net "Net-(Q4-Pad3)")
    (add_net "Net-(Q5-Pad1)")
    (add_net "Net-(Q5-Pad3)")
    (add_net "Net-(Q6-Pad1)")
    (add_net "Net-(Q6-Pad3)")
    (add_net "Net-(Q7-Pad1)")
    (add_net "Net-(Q7-Pad3)")
    (add_net "Net-(R25-Pad1)")
    (add_net "Net-(R26-Pad1)")
    (add_net "Net-(R27-Pad1)")
    (add_net "Net-(R27-Pad2)")
    (add_net "Net-(R28-Pad1)")
    (add_net "Net-(R28-Pad2)")
    (add_net "Net-(R29-Pad2)")
    (add_net "Net-(R31-Pad2)")
    (add_net "Net-(R32-Pad2)")
    (add_net "Net-(R33-Pad2)")
    (add_net "Net-(R34-Pad1)")
    (add_net "Net-(R37-Pad1)")
    (add_net "Net-(R41-Pad1)")
    (add_net "Net-(R42-Pad2)")
    (add_net "Net-(R52-Pad1)")
    (add_net "Net-(R56-Pad2)")
    (add_net "Net-(R62-Pad2)")
    (add_net "Net-(R63-Pad2)")
    (add_net "Net-(R64-Pad2)")
    (add_net "Net-(R65-Pad2)")
    (add_net "Net-(R66-Pad2)")
    (add_net "Net-(S1-Pad1)")
    (add_net "Net-(S1-Pad2)")
    (add_net "Net-(S1-Pad3)")
    (add_net "Net-(S2-Pad1)")
    (add_net "Net-(S2-Pad3)")
    (add_net "Net-(S4-Pad2)")
    (add_net "Net-(S4-Pad4)")
    (add_net "Net-(S5-Pad2)")
    (add_net "Net-(S5-Pad4)")
    (add_net "Net-(SW2-Pad5)")
    (add_net "Net-(SW2-Pad6)")
    (add_net "Net-(U1-PadA10)")
    (add_net "Net-(U1-PadA12)")
    (add_net "Net-(U1-PadA13)")
    (add_net "Net-(U1-PadA14)")
    (add_net "Net-(U1-PadA15)")
    (add_net "Net-(U1-PadA17)")
    (add_net "Net-(U1-PadA3)")
    (add_net "Net-(U1-PadA4)")
    (add_net "Net-(U1-PadA6)")
    (add_net "Net-(U1-PadA9)")
    (add_net "Net-(U1-PadB10)")
    (add_net "Net-(U1-PadB11)")
    (add_net "Net-(U1-PadB12)")
    (add_net "Net-(U1-PadB14)")
    (add_net "Net-(U1-PadB15)")
    (add_net "Net-(U1-PadB16)")
    (add_net "Net-(U1-PadB17)")
    (add_net "Net-(U1-PadB5)")
    (add_net "Net-(U1-PadB6)")
    (add_net "Net-(U1-PadB9)")
    (add_net "Net-(U1-PadC11)")
    (add_net "Net-(U1-PadC12)")
    (add_net "Net-(U1-PadC13)")
    (add_net "Net-(U1-PadC14)")
    (add_net "Net-(U1-PadC16)")
    (add_net "Net-(U1-PadC17)")
    (add_net "Net-(U1-PadC18)")
    (add_net "Net-(U1-PadC8)")
    (add_net "Net-(U1-PadC9)")
    (add_net "Net-(U1-PadD10)")
    (add_net "Net-(U1-PadD11)")
    (add_net "Net-(U1-PadD13)")
    (add_net "Net-(U1-PadD14)")
    (add_net "Net-(U1-PadD15)")
    (add_net "Net-(U1-PadD16)")
    (add_net "Net-(U1-PadD18)")
    (add_net "Net-(U1-PadD5)")
    (add_net "Net-(U1-PadD6)")
    (add_net "Net-(U1-PadD8)")
    (add_net "Net-(U1-PadD9)")
    (add_net "Net-(U1-PadE13)")
    (add_net "Net-(U1-PadE15)")
    (add_net "Net-(U1-PadE16)")
    (add_net "Net-(U1-PadE17)")
    (add_net "Net-(U1-PadE18)")
    (add_net "Net-(U1-PadE3)")
    (add_net "Net-(U1-PadE4)")
    (add_net "Net-(U1-PadF1)")
    (add_net "Net-(U1-PadF14)")
    (add_net "Net-(U1-PadF15)")
    (add_net "Net-(U1-PadF17)")
    (add_net "Net-(U1-PadF18)")
    (add_net "Net-(U1-PadF2)")
    (add_net "Net-(U1-PadG14)")
    (add_net "Net-(U1-PadG15)")
    (add_net "Net-(U1-PadG16)")
    (add_net "Net-(U1-PadG17)")
    (add_net "Net-(U1-PadH1)")
    (add_net "Net-(U1-PadH14)")
    (add_net "Net-(U1-PadH16)")
    (add_net "Net-(U1-PadH17)")
    (add_net "Net-(U1-PadH18)")
    (add_net "Net-(U1-PadH2)")
    (add_net "Net-(U1-PadJ18)")
    (add_net "Net-(U1-PadJ4)")
    (add_net "Net-(U1-PadJ5)")
    (add_net "Net-(U1-PadJ6)")
    (add_net "Net-(U1-PadK1)")
    (add_net "Net-(U1-PadK18)")
    (add_net "Net-(U1-PadK2)")
    (add_net "Net-(U1-PadK3)")
    (add_net "Net-(U1-PadK5)")
    (add_net "Net-(U1-PadK6)")
    (add_net "Net-(U1-PadL14)")
    (add_net "Net-(U1-PadL2)")
    (add_net "Net-(U1-PadL3)")
    (add_net "Net-(U1-PadL4)")
    (add_net "Net-(U1-PadL5)")
    (add_net "Net-(U1-PadM1)")
    (add_net "Net-(U1-PadM14)")
    (add_net "Net-(U1-PadM15)")
    (add_net "Net-(U1-PadM2)")
    (add_net "Net-(U1-PadM4)")
    (add_net "Net-(U1-PadM5)")
    (add_net "Net-(U1-PadM6)")
    (add_net "Net-(U1-PadN1)")
    (add_net "Net-(U1-PadN14)")
    (add_net "Net-(U1-PadN16)")
    (add_net "Net-(U1-PadN17)")
    (add_net "Net-(U1-PadN18)")
    (add_net "Net-(U1-PadN2)")
    (add_net "Net-(U1-PadN3)")
    (add_net "Net-(U1-PadN4)")
    (add_net "Net-(U1-PadN6)")
    (add_net "Net-(U1-PadP1)")
    (add_net "Net-(U1-PadP14)")
    (add_net "Net-(U1-PadP15)")
    (add_net "Net-(U1-PadP16)")
    (add_net "Net-(U1-PadP18)")
    (add_net "Net-(U1-PadP3)")
    (add_net "Net-(U1-PadP4)")
    (add_net "Net-(U1-PadP5)")
    (add_net "Net-(U1-PadP6)")
    (add_net "Net-(U1-PadR1)")
    (add_net "Net-(U1-PadR13)")
    (add_net "Net-(U1-PadR15)")
    (add_net "Net-(U1-PadR16)")
    (add_net "Net-(U1-PadR17)")
    (add_net "Net-(U1-PadR18)")
    (add_net "Net-(U1-PadR2)")
    (add_net "Net-(U1-PadR3)")
    (add_net "Net-(U1-PadR5)")
    (add_net "Net-(U1-PadR6)")
    (add_net "Net-(U1-PadR7)")
    (add_net "Net-(U1-PadT12)")
    (add_net "Net-(U1-PadT13)")
    (add_net "Net-(U1-PadT14)")
    (add_net "Net-(U1-PadT15)")
    (add_net "Net-(U1-PadT17)")
    (add_net "Net-(U1-PadT18)")
    (add_net "Net-(U1-PadT2)")
    (add_net "Net-(U1-PadT3)")
    (add_net "Net-(U1-PadT4)")
    (add_net "Net-(U1-PadT5)")
    (add_net "Net-(U1-PadT7)")
    (add_net "Net-(U1-PadU1)")
    (add_net "Net-(U1-PadU10)")
    (add_net "Net-(U1-PadU11)")
    (add_net "Net-(U1-PadU12)")
    (add_net "Net-(U1-PadU14)")
    (add_net "Net-(U1-PadU15)")
    (add_net "Net-(U1-PadU16)")
    (add_net "Net-(U1-PadU17)")
    (add_net "Net-(U1-PadU2)")
    (add_net "Net-(U1-PadU4)")
    (add_net "Net-(U1-PadU5)")
    (add_net "Net-(U1-PadU6)")
    (add_net "Net-(U1-PadU7)")
    (add_net "Net-(U1-PadU9)")
    (add_net "Net-(U1-PadV11)")
    (add_net "Net-(U1-PadV12)")
    (add_net "Net-(U1-PadV13)")
    (add_net "Net-(U1-PadV14)")
    (add_net "Net-(U1-PadV16)")
    (add_net "Net-(U1-PadV17)")
    (add_net "Net-(U1-PadV2)")
    (add_net "Net-(U1-PadV3)")
    (add_net "Net-(U1-PadV4)")
    (add_net "Net-(U1-PadV6)")
    (add_net "Net-(U1-PadV7)")
    (add_net "Net-(U1-PadV8)")
    (add_net "Net-(U1-PadV9)")
    (add_net "Net-(U7-Pad8)")
    (add_net "Net-(U9-Pad11)")
    (add_net "Net-(U9-Pad12)")
    (add_net "Net-(U9-Pad13)")
    (add_net "Net-(U9-Pad14)")
    (add_net "Net-(U9-Pad3)")
    (add_net "Net-(U9-Pad4)")
    (add_net "Net-(U9-Pad5)")
    (add_net "Net-(U9-Pad6)")
    (add_net ON_OFF)
    (add_net PGOOD)
    (add_net SW_CLK)
    (add_net SW_DIN)
    (add_net SW_DONE)
    (add_net SW_INIT_B)
    (add_net SW_PROGRAM_B)
    (add_net VCCINT)
    (add_net VCORE_CURRENT)
    (add_net VCORE_CURRENT_GAIN_0)
    (add_net VCORE_CURRENT_GAIN_1)
  )

  (module Resistor_SMD:R_0402_1005Metric_Pad0.72x0.64mm_HandSolder (layer B.Cu) (tedit 5F6BB9E0) (tstamp 602B10A3)
    (at 42.418 38.1 180)
    (descr "Resistor SMD 0402 (1005 Metric), square (rectangular) end terminal, IPC_7351 nominal with elongated pad for handsoldering. (Body size source: IPC-SM-782 page 72, https://www.pcb-3d.com/wordpress/wp-content/uploads/ipc-sm-782a_amendment_1_and_2.pdf), generated with kicad-footprint-generator")
    (tags "resistor handsolder")
    (path /5F3A1954/5FFCE106)
    (attr smd)
    (fp_text reference C34 (at 0 1.17) (layer B.SilkS)
      (effects (font (size 1 1) (thickness 0.15)) (justify mirror))
    )
    (fp_text value .47uF (at 0 -1.17) (layer B.Fab)
      (effects (font (size 1 1) (thickness 0.15)) (justify mirror))
    )
    (fp_line (start 1.1 -0.47) (end -1.1 -0.47) (layer B.CrtYd) (width 0.05))
    (fp_line (start 1.1 0.47) (end 1.1 -0.47) (layer B.CrtYd) (width 0.05))
    (fp_line (start -1.1 0.47) (end 1.1 0.47) (layer B.CrtYd) (width 0.05))
    (fp_line (start -1.1 -0.47) (end -1.1 0.47) (layer B.CrtYd) (width 0.05))
    (fp_line (start -0.167621 -0.38) (end 0.167621 -0.38) (layer B.SilkS) (width 0.12))
    (fp_line (start -0.167621 0.38) (end 0.167621 0.38) (layer B.SilkS) (width 0.12))
    (fp_line (start 0.525 -0.27) (end -0.525 -0.27) (layer B.Fab) (width 0.1))
    (fp_line (start 0.525 0.27) (end 0.525 -0.27) (layer B.Fab) (width 0.1))
    (fp_line (start -0.525 0.27) (end 0.525 0.27) (layer B.Fab) (width 0.1))
    (fp_line (start -0.525 -0.27) (end -0.525 0.27) (layer B.Fab) (width 0.1))
    (fp_text user %R (at 0 0) (layer B.Fab)
      (effects (font (size 0.26 0.26) (thickness 0.04)) (justify mirror))
    )
    (pad 2 smd roundrect (at 0.5975 0 180) (size 0.715 0.64) (layers B.Cu B.Paste B.Mask) (roundrect_rratio 0.25)
      (net 1 GND))
    (pad 1 smd roundrect (at -0.5975 0 180) (size 0.715 0.64) (layers B.Cu B.Paste B.Mask) (roundrect_rratio 0.25)
      (net 292 VCCINT))
    (model ${KISYS3DMOD}/Resistor_SMD.3dshapes/R_0402_1005Metric.wrl
      (at (xyz 0 0 0))
      (scale (xyz 1 1 1))
      (rotate (xyz 0 0 0))
    )
  )

  (module Resistor_SMD:R_0402_1005Metric_Pad0.72x0.64mm_HandSolder (layer F.Cu) (tedit 5F6BB9E0) (tstamp 602AD93B)
    (at 46.39 102.25)
    (descr "Resistor SMD 0402 (1005 Metric), square (rectangular) end terminal, IPC_7351 nominal with elongated pad for handsoldering. (Body size source: IPC-SM-782 page 72, https://www.pcb-3d.com/wordpress/wp-content/uploads/ipc-sm-782a_amendment_1_and_2.pdf), generated with kicad-footprint-generator")
    (tags "resistor handsolder")
    (path /5F3A1954/6017F90F)
    (attr smd)
    (fp_text reference C41 (at 0 -1.17) (layer F.SilkS)
      (effects (font (size 1 1) (thickness 0.15)))
    )
    (fp_text value 4.7uF (at 0 1.17) (layer F.Fab)
      (effects (font (size 1 1) (thickness 0.15)))
    )
    (fp_line (start 1.1 0.47) (end -1.1 0.47) (layer F.CrtYd) (width 0.05))
    (fp_line (start 1.1 -0.47) (end 1.1 0.47) (layer F.CrtYd) (width 0.05))
    (fp_line (start -1.1 -0.47) (end 1.1 -0.47) (layer F.CrtYd) (width 0.05))
    (fp_line (start -1.1 0.47) (end -1.1 -0.47) (layer F.CrtYd) (width 0.05))
    (fp_line (start -0.167621 0.38) (end 0.167621 0.38) (layer F.SilkS) (width 0.12))
    (fp_line (start -0.167621 -0.38) (end 0.167621 -0.38) (layer F.SilkS) (width 0.12))
    (fp_line (start 0.525 0.27) (end -0.525 0.27) (layer F.Fab) (width 0.1))
    (fp_line (start 0.525 -0.27) (end 0.525 0.27) (layer F.Fab) (width 0.1))
    (fp_line (start -0.525 -0.27) (end 0.525 -0.27) (layer F.Fab) (width 0.1))
    (fp_line (start -0.525 0.27) (end -0.525 -0.27) (layer F.Fab) (width 0.1))
    (fp_text user %R (at 0 0) (layer F.Fab)
      (effects (font (size 0.26 0.26) (thickness 0.04)))
    )
    (pad 2 smd roundrect (at 0.5975 0) (size 0.715 0.64) (layers F.Cu F.Paste F.Mask) (roundrect_rratio 0.25)
      (net 1 GND))
    (pad 1 smd roundrect (at -0.5975 0) (size 0.715 0.64) (layers F.Cu F.Paste F.Mask) (roundrect_rratio 0.25)
      (net 290 +3V3))
    (model ${KISYS3DMOD}/Resistor_SMD.3dshapes/R_0402_1005Metric.wrl
      (at (xyz 0 0 0))
      (scale (xyz 1 1 1))
      (rotate (xyz 0 0 0))
    )
  )

  (module Resistor_SMD:R_0402_1005Metric_Pad0.72x0.64mm_HandSolder (layer F.Cu) (tedit 5F6BB9E0) (tstamp 602AD92A)
    (at 47.89 100.26)
    (descr "Resistor SMD 0402 (1005 Metric), square (rectangular) end terminal, IPC_7351 nominal with elongated pad for handsoldering. (Body size source: IPC-SM-782 page 72, https://www.pcb-3d.com/wordpress/wp-content/uploads/ipc-sm-782a_amendment_1_and_2.pdf), generated with kicad-footprint-generator")
    (tags "resistor handsolder")
    (path /5F3A1954/6002D5C2)
    (attr smd)
    (fp_text reference C40 (at 0 -1.17) (layer F.SilkS)
      (effects (font (size 1 1) (thickness 0.15)))
    )
    (fp_text value 4.7uF (at 0 1.17) (layer F.Fab)
      (effects (font (size 1 1) (thickness 0.15)))
    )
    (fp_line (start 1.1 0.47) (end -1.1 0.47) (layer F.CrtYd) (width 0.05))
    (fp_line (start 1.1 -0.47) (end 1.1 0.47) (layer F.CrtYd) (width 0.05))
    (fp_line (start -1.1 -0.47) (end 1.1 -0.47) (layer F.CrtYd) (width 0.05))
    (fp_line (start -1.1 0.47) (end -1.1 -0.47) (layer F.CrtYd) (width 0.05))
    (fp_line (start -0.167621 0.38) (end 0.167621 0.38) (layer F.SilkS) (width 0.12))
    (fp_line (start -0.167621 -0.38) (end 0.167621 -0.38) (layer F.SilkS) (width 0.12))
    (fp_line (start 0.525 0.27) (end -0.525 0.27) (layer F.Fab) (width 0.1))
    (fp_line (start 0.525 -0.27) (end 0.525 0.27) (layer F.Fab) (width 0.1))
    (fp_line (start -0.525 -0.27) (end 0.525 -0.27) (layer F.Fab) (width 0.1))
    (fp_line (start -0.525 0.27) (end -0.525 -0.27) (layer F.Fab) (width 0.1))
    (fp_text user %R (at 0 0) (layer F.Fab)
      (effects (font (size 0.26 0.26) (thickness 0.04)))
    )
    (pad 2 smd roundrect (at 0.5975 0) (size 0.715 0.64) (layers F.Cu F.Paste F.Mask) (roundrect_rratio 0.25)
      (net 1 GND))
    (pad 1 smd roundrect (at -0.5975 0) (size 0.715 0.64) (layers F.Cu F.Paste F.Mask) (roundrect_rratio 0.25)
      (net 290 +3V3))
    (model ${KISYS3DMOD}/Resistor_SMD.3dshapes/R_0402_1005Metric.wrl
      (at (xyz 0 0 0))
      (scale (xyz 1 1 1))
      (rotate (xyz 0 0 0))
    )
  )

  (module Resistor_SMD:R_0402_1005Metric_Pad0.72x0.64mm_HandSolder (layer B.Cu) (tedit 5F6BB9E0) (tstamp 602AD919)
    (at 51.054 47.244)
    (descr "Resistor SMD 0402 (1005 Metric), square (rectangular) end terminal, IPC_7351 nominal with elongated pad for handsoldering. (Body size source: IPC-SM-782 page 72, https://www.pcb-3d.com/wordpress/wp-content/uploads/ipc-sm-782a_amendment_1_and_2.pdf), generated with kicad-footprint-generator")
    (tags "resistor handsolder")
    (path /5F3A1954/6002BE6D)
    (attr smd)
    (fp_text reference C39 (at 0 1.17) (layer B.SilkS)
      (effects (font (size 1 1) (thickness 0.15)) (justify mirror))
    )
    (fp_text value 4.7uF (at 0 -1.17) (layer B.Fab)
      (effects (font (size 1 1) (thickness 0.15)) (justify mirror))
    )
    (fp_line (start 1.1 -0.47) (end -1.1 -0.47) (layer B.CrtYd) (width 0.05))
    (fp_line (start 1.1 0.47) (end 1.1 -0.47) (layer B.CrtYd) (width 0.05))
    (fp_line (start -1.1 0.47) (end 1.1 0.47) (layer B.CrtYd) (width 0.05))
    (fp_line (start -1.1 -0.47) (end -1.1 0.47) (layer B.CrtYd) (width 0.05))
    (fp_line (start -0.167621 -0.38) (end 0.167621 -0.38) (layer B.SilkS) (width 0.12))
    (fp_line (start -0.167621 0.38) (end 0.167621 0.38) (layer B.SilkS) (width 0.12))
    (fp_line (start 0.525 -0.27) (end -0.525 -0.27) (layer B.Fab) (width 0.1))
    (fp_line (start 0.525 0.27) (end 0.525 -0.27) (layer B.Fab) (width 0.1))
    (fp_line (start -0.525 0.27) (end 0.525 0.27) (layer B.Fab) (width 0.1))
    (fp_line (start -0.525 -0.27) (end -0.525 0.27) (layer B.Fab) (width 0.1))
    (fp_text user %R (at 0 0) (layer B.Fab)
      (effects (font (size 0.26 0.26) (thickness 0.04)) (justify mirror))
    )
    (pad 2 smd roundrect (at 0.5975 0) (size 0.715 0.64) (layers B.Cu B.Paste B.Mask) (roundrect_rratio 0.25)
      (net 1 GND))
    (pad 1 smd roundrect (at -0.5975 0) (size 0.715 0.64) (layers B.Cu B.Paste B.Mask) (roundrect_rratio 0.25)
      (net 290 +3V3))
    (model ${KISYS3DMOD}/Resistor_SMD.3dshapes/R_0402_1005Metric.wrl
      (at (xyz 0 0 0))
      (scale (xyz 1 1 1))
      (rotate (xyz 0 0 0))
    )
  )

  (module Resistor_SMD:R_0402_1005Metric_Pad0.72x0.64mm_HandSolder (layer F.Cu) (tedit 5F6BB9E0) (tstamp 602AD8E8)
    (at 49.39 97.31)
    (descr "Resistor SMD 0402 (1005 Metric), square (rectangular) end terminal, IPC_7351 nominal with elongated pad for handsoldering. (Body size source: IPC-SM-782 page 72, https://www.pcb-3d.com/wordpress/wp-content/uploads/ipc-sm-782a_amendment_1_and_2.pdf), generated with kicad-footprint-generator")
    (tags "resistor handsolder")
    (path /5F3A1954/6002D1EA)
    (attr smd)
    (fp_text reference C37 (at 0 -1.17) (layer F.SilkS)
      (effects (font (size 1 1) (thickness 0.15)))
    )
    (fp_text value 4.7uF (at 0 1.17) (layer F.Fab)
      (effects (font (size 1 1) (thickness 0.15)))
    )
    (fp_line (start 1.1 0.47) (end -1.1 0.47) (layer F.CrtYd) (width 0.05))
    (fp_line (start 1.1 -0.47) (end 1.1 0.47) (layer F.CrtYd) (width 0.05))
    (fp_line (start -1.1 -0.47) (end 1.1 -0.47) (layer F.CrtYd) (width 0.05))
    (fp_line (start -1.1 0.47) (end -1.1 -0.47) (layer F.CrtYd) (width 0.05))
    (fp_line (start -0.167621 0.38) (end 0.167621 0.38) (layer F.SilkS) (width 0.12))
    (fp_line (start -0.167621 -0.38) (end 0.167621 -0.38) (layer F.SilkS) (width 0.12))
    (fp_line (start 0.525 0.27) (end -0.525 0.27) (layer F.Fab) (width 0.1))
    (fp_line (start 0.525 -0.27) (end 0.525 0.27) (layer F.Fab) (width 0.1))
    (fp_line (start -0.525 -0.27) (end 0.525 -0.27) (layer F.Fab) (width 0.1))
    (fp_line (start -0.525 0.27) (end -0.525 -0.27) (layer F.Fab) (width 0.1))
    (fp_text user %R (at 0 0) (layer F.Fab)
      (effects (font (size 0.26 0.26) (thickness 0.04)))
    )
    (pad 2 smd roundrect (at 0.5975 0) (size 0.715 0.64) (layers F.Cu F.Paste F.Mask) (roundrect_rratio 0.25)
      (net 1 GND))
    (pad 1 smd roundrect (at -0.5975 0) (size 0.715 0.64) (layers F.Cu F.Paste F.Mask) (roundrect_rratio 0.25)
      (net 290 +3V3))
    (model ${KISYS3DMOD}/Resistor_SMD.3dshapes/R_0402_1005Metric.wrl
      (at (xyz 0 0 0))
      (scale (xyz 1 1 1))
      (rotate (xyz 0 0 0))
    )
  )

  (module Resistor_SMD:R_0805_2012Metric_Pad1.20x1.40mm_HandSolder (layer B.Cu) (tedit 5F68FEEE) (tstamp 602AD8B7)
    (at 42.926 28.956 180)
    (descr "Resistor SMD 0805 (2012 Metric), square (rectangular) end terminal, IPC_7351 nominal with elongated pad for handsoldering. (Body size source: IPC-SM-782 page 72, https://www.pcb-3d.com/wordpress/wp-content/uploads/ipc-sm-782a_amendment_1_and_2.pdf), generated with kicad-footprint-generator")
    (tags "resistor handsolder")
    (path /5F3A1954/5FFCDD9D)
    (attr smd)
    (fp_text reference C35 (at 0 1.65) (layer B.SilkS)
      (effects (font (size 1 1) (thickness 0.15)) (justify mirror))
    )
    (fp_text value 47uF (at 0 -1.65) (layer B.Fab)
      (effects (font (size 1 1) (thickness 0.15)) (justify mirror))
    )
    (fp_line (start 1.85 -0.95) (end -1.85 -0.95) (layer B.CrtYd) (width 0.05))
    (fp_line (start 1.85 0.95) (end 1.85 -0.95) (layer B.CrtYd) (width 0.05))
    (fp_line (start -1.85 0.95) (end 1.85 0.95) (layer B.CrtYd) (width 0.05))
    (fp_line (start -1.85 -0.95) (end -1.85 0.95) (layer B.CrtYd) (width 0.05))
    (fp_line (start -0.227064 -0.735) (end 0.227064 -0.735) (layer B.SilkS) (width 0.12))
    (fp_line (start -0.227064 0.735) (end 0.227064 0.735) (layer B.SilkS) (width 0.12))
    (fp_line (start 1 -0.625) (end -1 -0.625) (layer B.Fab) (width 0.1))
    (fp_line (start 1 0.625) (end 1 -0.625) (layer B.Fab) (width 0.1))
    (fp_line (start -1 0.625) (end 1 0.625) (layer B.Fab) (width 0.1))
    (fp_line (start -1 -0.625) (end -1 0.625) (layer B.Fab) (width 0.1))
    (fp_text user %R (at 0 0) (layer B.Fab)
      (effects (font (size 0.5 0.5) (thickness 0.08)) (justify mirror))
    )
    (pad 2 smd roundrect (at 1 0 180) (size 1.2 1.4) (layers B.Cu B.Paste B.Mask) (roundrect_rratio 0.208333)
      (net 1 GND))
    (pad 1 smd roundrect (at -1 0 180) (size 1.2 1.4) (layers B.Cu B.Paste B.Mask) (roundrect_rratio 0.208333)
      (net 292 VCCINT))
    (model ${KISYS3DMOD}/Resistor_SMD.3dshapes/R_0805_2012Metric.wrl
      (at (xyz 0 0 0))
      (scale (xyz 1 1 1))
      (rotate (xyz 0 0 0))
    )
  )

  (module Resistor_SMD:R_0402_1005Metric_Pad0.72x0.64mm_HandSolder (layer B.Cu) (tedit 5F6BB9E0) (tstamp 602AD806)
    (at 44.45 36.068 90)
    (descr "Resistor SMD 0402 (1005 Metric), square (rectangular) end terminal, IPC_7351 nominal with elongated pad for handsoldering. (Body size source: IPC-SM-782 page 72, https://www.pcb-3d.com/wordpress/wp-content/uploads/ipc-sm-782a_amendment_1_and_2.pdf), generated with kicad-footprint-generator")
    (tags "resistor handsolder")
    (path /5F3A1954/5FF96BC5)
    (attr smd)
    (fp_text reference C29 (at 0 1.17 90) (layer B.SilkS)
      (effects (font (size 1 1) (thickness 0.15)) (justify mirror))
    )
    (fp_text value 4.7uF (at 0 -1.17 90) (layer B.Fab)
      (effects (font (size 1 1) (thickness 0.15)) (justify mirror))
    )
    (fp_line (start 1.1 -0.47) (end -1.1 -0.47) (layer B.CrtYd) (width 0.05))
    (fp_line (start 1.1 0.47) (end 1.1 -0.47) (layer B.CrtYd) (width 0.05))
    (fp_line (start -1.1 0.47) (end 1.1 0.47) (layer B.CrtYd) (width 0.05))
    (fp_line (start -1.1 -0.47) (end -1.1 0.47) (layer B.CrtYd) (width 0.05))
    (fp_line (start -0.167621 -0.38) (end 0.167621 -0.38) (layer B.SilkS) (width 0.12))
    (fp_line (start -0.167621 0.38) (end 0.167621 0.38) (layer B.SilkS) (width 0.12))
    (fp_line (start 0.525 -0.27) (end -0.525 -0.27) (layer B.Fab) (width 0.1))
    (fp_line (start 0.525 0.27) (end 0.525 -0.27) (layer B.Fab) (width 0.1))
    (fp_line (start -0.525 0.27) (end 0.525 0.27) (layer B.Fab) (width 0.1))
    (fp_line (start -0.525 -0.27) (end -0.525 0.27) (layer B.Fab) (width 0.1))
    (fp_text user %R (at 0 0 90) (layer B.Fab)
      (effects (font (size 0.26 0.26) (thickness 0.04)) (justify mirror))
    )
    (pad 2 smd roundrect (at 0.5975 0 90) (size 0.715 0.64) (layers B.Cu B.Paste B.Mask) (roundrect_rratio 0.25)
      (net 1 GND))
    (pad 1 smd roundrect (at -0.5975 0 90) (size 0.715 0.64) (layers B.Cu B.Paste B.Mask) (roundrect_rratio 0.25)
      (net 292 VCCINT))
    (model ${KISYS3DMOD}/Resistor_SMD.3dshapes/R_0402_1005Metric.wrl
      (at (xyz 0 0 0))
      (scale (xyz 1 1 1))
      (rotate (xyz 0 0 0))
    )
  )

  (module Resistor_SMD:R_0402_1005Metric_Pad0.72x0.64mm_HandSolder (layer B.Cu) (tedit 5F6BB9E0) (tstamp 602AD7F5)
    (at 48.514 34.798)
    (descr "Resistor SMD 0402 (1005 Metric), square (rectangular) end terminal, IPC_7351 nominal with elongated pad for handsoldering. (Body size source: IPC-SM-782 page 72, https://www.pcb-3d.com/wordpress/wp-content/uploads/ipc-sm-782a_amendment_1_and_2.pdf), generated with kicad-footprint-generator")
    (tags "resistor handsolder")
    (path /5F3A1954/5FFA6E2D)
    (attr smd)
    (fp_text reference C28 (at 0 1.17) (layer B.SilkS)
      (effects (font (size 1 1) (thickness 0.15)) (justify mirror))
    )
    (fp_text value 4.7uF (at 0 -1.17) (layer B.Fab)
      (effects (font (size 1 1) (thickness 0.15)) (justify mirror))
    )
    (fp_line (start 1.1 -0.47) (end -1.1 -0.47) (layer B.CrtYd) (width 0.05))
    (fp_line (start 1.1 0.47) (end 1.1 -0.47) (layer B.CrtYd) (width 0.05))
    (fp_line (start -1.1 0.47) (end 1.1 0.47) (layer B.CrtYd) (width 0.05))
    (fp_line (start -1.1 -0.47) (end -1.1 0.47) (layer B.CrtYd) (width 0.05))
    (fp_line (start -0.167621 -0.38) (end 0.167621 -0.38) (layer B.SilkS) (width 0.12))
    (fp_line (start -0.167621 0.38) (end 0.167621 0.38) (layer B.SilkS) (width 0.12))
    (fp_line (start 0.525 -0.27) (end -0.525 -0.27) (layer B.Fab) (width 0.1))
    (fp_line (start 0.525 0.27) (end 0.525 -0.27) (layer B.Fab) (width 0.1))
    (fp_line (start -0.525 0.27) (end 0.525 0.27) (layer B.Fab) (width 0.1))
    (fp_line (start -0.525 -0.27) (end -0.525 0.27) (layer B.Fab) (width 0.1))
    (fp_text user %R (at 0 0) (layer B.Fab)
      (effects (font (size 0.26 0.26) (thickness 0.04)) (justify mirror))
    )
    (pad 2 smd roundrect (at 0.5975 0) (size 0.715 0.64) (layers B.Cu B.Paste B.Mask) (roundrect_rratio 0.25)
      (net 1 GND))
    (pad 1 smd roundrect (at -0.5975 0) (size 0.715 0.64) (layers B.Cu B.Paste B.Mask) (roundrect_rratio 0.25)
      (net 291 +1V8))
    (model ${KISYS3DMOD}/Resistor_SMD.3dshapes/R_0402_1005Metric.wrl
      (at (xyz 0 0 0))
      (scale (xyz 1 1 1))
      (rotate (xyz 0 0 0))
    )
  )

  (module Resistor_SMD:R_0805_2012Metric_Pad1.20x1.40mm_HandSolder (layer B.Cu) (tedit 5F68FEEE) (tstamp 602AD7E4)
    (at 45.72 49.276)
    (descr "Resistor SMD 0805 (2012 Metric), square (rectangular) end terminal, IPC_7351 nominal with elongated pad for handsoldering. (Body size source: IPC-SM-782 page 72, https://www.pcb-3d.com/wordpress/wp-content/uploads/ipc-sm-782a_amendment_1_and_2.pdf), generated with kicad-footprint-generator")
    (tags "resistor handsolder")
    (path /5F3A1954/5FFC31BE)
    (attr smd)
    (fp_text reference C27 (at 0 1.65) (layer B.SilkS)
      (effects (font (size 1 1) (thickness 0.15)) (justify mirror))
    )
    (fp_text value 47uF (at 0 -1.65) (layer B.Fab)
      (effects (font (size 1 1) (thickness 0.15)) (justify mirror))
    )
    (fp_line (start 1.85 -0.95) (end -1.85 -0.95) (layer B.CrtYd) (width 0.05))
    (fp_line (start 1.85 0.95) (end 1.85 -0.95) (layer B.CrtYd) (width 0.05))
    (fp_line (start -1.85 0.95) (end 1.85 0.95) (layer B.CrtYd) (width 0.05))
    (fp_line (start -1.85 -0.95) (end -1.85 0.95) (layer B.CrtYd) (width 0.05))
    (fp_line (start -0.227064 -0.735) (end 0.227064 -0.735) (layer B.SilkS) (width 0.12))
    (fp_line (start -0.227064 0.735) (end 0.227064 0.735) (layer B.SilkS) (width 0.12))
    (fp_line (start 1 -0.625) (end -1 -0.625) (layer B.Fab) (width 0.1))
    (fp_line (start 1 0.625) (end 1 -0.625) (layer B.Fab) (width 0.1))
    (fp_line (start -1 0.625) (end 1 0.625) (layer B.Fab) (width 0.1))
    (fp_line (start -1 -0.625) (end -1 0.625) (layer B.Fab) (width 0.1))
    (fp_text user %R (at 0 0) (layer B.Fab)
      (effects (font (size 0.5 0.5) (thickness 0.08)) (justify mirror))
    )
    (pad 2 smd roundrect (at 1 0) (size 1.2 1.4) (layers B.Cu B.Paste B.Mask) (roundrect_rratio 0.208333)
      (net 1 GND))
    (pad 1 smd roundrect (at -1 0) (size 1.2 1.4) (layers B.Cu B.Paste B.Mask) (roundrect_rratio 0.208333)
      (net 290 +3V3))
    (model ${KISYS3DMOD}/Resistor_SMD.3dshapes/R_0805_2012Metric.wrl
      (at (xyz 0 0 0))
      (scale (xyz 1 1 1))
      (rotate (xyz 0 0 0))
    )
  )

  (module Resistor_SMD:R_0805_2012Metric_Pad1.20x1.40mm_HandSolder (layer B.Cu) (tedit 5F68FEEE) (tstamp 602AD7D3)
    (at 54.356 41.91 270)
    (descr "Resistor SMD 0805 (2012 Metric), square (rectangular) end terminal, IPC_7351 nominal with elongated pad for handsoldering. (Body size source: IPC-SM-782 page 72, https://www.pcb-3d.com/wordpress/wp-content/uploads/ipc-sm-782a_amendment_1_and_2.pdf), generated with kicad-footprint-generator")
    (tags "resistor handsolder")
    (path /5F3A1954/5FFA6A4A)
    (attr smd)
    (fp_text reference C26 (at 0 1.65 90) (layer B.SilkS)
      (effects (font (size 1 1) (thickness 0.15)) (justify mirror))
    )
    (fp_text value 47uF (at 0 -1.65 90) (layer B.Fab)
      (effects (font (size 1 1) (thickness 0.15)) (justify mirror))
    )
    (fp_line (start 1.85 -0.95) (end -1.85 -0.95) (layer B.CrtYd) (width 0.05))
    (fp_line (start 1.85 0.95) (end 1.85 -0.95) (layer B.CrtYd) (width 0.05))
    (fp_line (start -1.85 0.95) (end 1.85 0.95) (layer B.CrtYd) (width 0.05))
    (fp_line (start -1.85 -0.95) (end -1.85 0.95) (layer B.CrtYd) (width 0.05))
    (fp_line (start -0.227064 -0.735) (end 0.227064 -0.735) (layer B.SilkS) (width 0.12))
    (fp_line (start -0.227064 0.735) (end 0.227064 0.735) (layer B.SilkS) (width 0.12))
    (fp_line (start 1 -0.625) (end -1 -0.625) (layer B.Fab) (width 0.1))
